[gd_scene load_steps=6 format=2]

[ext_resource path="res://assets/tile_flat/tile_flat.tscn" type="PackedScene" id=1]
[ext_resource path="res://assets/tree/tree.tscn" type="PackedScene" id=2]
[ext_resource path="res://assets/hill/hill.tscn" type="PackedScene" id=3]
[ext_resource path="res://assets/stump/stump.tscn" type="PackedScene" id=4]
[ext_resource path="res://assets/rock/rock.tscn" type="PackedScene" id=5]

[node name="forest" type="Spatial"]

[node name="tile_block" parent="." instance=ExtResource( 1 )]

[node name="tree" parent="." instance=ExtResource( 2 )]
transform = Transform( 1, 0, 0, 0, 1, 0, 0, 0, 1, 0, 0, -6.8153 )

[node name="tree2" parent="." instance=ExtResource( 2 )]
transform = Transform( 0.729134, 0, -0.953081, 0.0472722, 1.19852, 0.0361646, 0.951908, -0.0595192, 0.728237, 6.11161, 0.529347, 5.49781 )

[node name="tree3" parent="." instance=ExtResource( 2 )]
transform = Transform( 0.734559, 0, 0.678544, 0.061569, 0.995875, -0.0666516, -0.675745, 0.0907369, 0.731529, -9.34014, 1.69949, 9.10224 )

[node name="tree4" parent="." instance=ExtResource( 2 )]
transform = Transform( 0.358321, 0.0630866, 0.931465, -0.0226504, 0.998008, -0.0588803, -0.933324, 0, 0.359036, -12.3401, 0, -7.89776 )

[node name="tree5" parent="." instance=ExtResource( 2 )]
transform = Transform( -0.983972, 0, -0.178321, 0, 1, 0, 0.178321, 0, -0.983972, -13.1864, 0, 4.53267 )

[node name="tree6" parent="." instance=ExtResource( 2 )]
transform = Transform( -0.302949, 0, -1.16113, 0, 1.2, 0, 1.16113, 0, -0.302949, 8.17851, 2.43902, 13.5416 )

[node name="tree7" parent="." instance=ExtResource( 2 )]
transform = Transform( -0.252458, 0, -0.967608, 0.0903874, 0.995627, -0.0235829, 0.963377, -0.0934133, -0.251354, 7.34509, 0, -4.74229 )

[node name="tree8" parent="." instance=ExtResource( 2 )]
transform = Transform( 0.613459, 0, -0.789727, 0, 1, 0, 0.789727, 0, 0.613459, 13.6737, 0, -13.0416 )

[node name="tree9" parent="." instance=ExtResource( 2 )]
transform = Transform( 0.73615, 0, -0.947672, 0, 1.2, 0, 0.947672, 0, 0.73615, -7.28659, -0.0496273, -13.9826 )

[node name="tree10" parent="." instance=ExtResource( 2 )]
transform = Transform( 0.73615, 0, -0.947672, 0, 1.2, 0, 0.947672, 0, 0.73615, -2.5701, -0.0496273, 15.4798 )

[node name="hill" parent="." instance=ExtResource( 3 )]
transform = Transform( 0.410037, 0, -9.99159, 0, 10, 0, 9.99159, 0, 0.410037, 8.94581, -0.587749, 10.8964 )

[node name="hill2" parent="." instance=ExtResource( 3 )]
transform = Transform( -2.37358, 0, 6.5853, 0, 7, 0, -6.5853, 0, -2.37358, -11.0573, -0.0984917, 10.179 )

[node name="stump" parent="." instance=ExtResource( 4 )]
transform = Transform( 1, 0, 0, 0, 1, 0, 0, 0, 1, -9.64277, -0.0123042, -1.09848 )

[node name="stump2" parent="." instance=ExtResource( 4 )]
transform = Transform( 1, 0, 0, 0, 1, 0, 0, 0, 1, 5.75967, -0.0123042, -14.4584 )

[node name="stump3" parent="." instance=ExtResource( 4 )]
transform = Transform( 2, 0, 0, 0, 2, 0, 0, 0, 2, -17.0954, -0.232686, 15.9276 )

[node name="rock" parent="." instance=ExtResource( 5 )]
transform = Transform( 0.866766, 0, 0.498715, 0, 1, 0, -0.498715, 0, 0.866766, -16.41, 0.201701, -14.3439 )

[node name="rock2" parent="." instance=ExtResource( 5 )]
transform = Transform( 0.593449, -0.145694, 0.341455, 0.126282, 0.68467, 0.0726595, -0.3491, -1.04308e-08, 0.606736, 1.06777, 1.45548, 10.429 )
