[gd_scene load_steps=5 format=2]

[ext_resource path="res://assets/tile_flat/tile_flat.tscn" type="PackedScene" id=1]
[ext_resource path="res://assets/rotunda/rotunda.tscn" type="PackedScene" id=2]
[ext_resource path="res://assets/tree/tree.tscn" type="PackedScene" id=3]
[ext_resource path="res://assets/hill/hill.tscn" type="PackedScene" id=4]

[node name="rotunda" type="Spatial"]

[node name="tile_flat" parent="." instance=ExtResource( 1 )]

[node name="rotunda" parent="." instance=ExtResource( 2 )]
transform = Transform( 2, 0, 0, 0, 2, 0, 0, 0, 2, 7.33844, 0, -4.92757 )

[node name="tree" parent="." instance=ExtResource( 3 )]
transform = Transform( 1, 0, 0, 0, 1, 0, 0, 0, 1, -6.73539, 1.90735e-06, -3.25811 )

[node name="tree7" parent="." instance=ExtResource( 3 )]
transform = Transform( 0.756892, 0, 0.93119, 0, 1.2, 0, -0.93119, 0, 0.756892, 14.1469, 1.90735e-06, 14.148 )

[node name="tree8" parent="." instance=ExtResource( 3 )]
transform = Transform( 0.630744, 0, 0.775991, 0, 1, 0, -0.775991, 0, 0.630744, -14.0609, 1.90735e-06, -14.5088 )

[node name="tree9" parent="." instance=ExtResource( 3 )]
transform = Transform( 0.630744, 0, 0.775991, 0, 1, 0, -0.775991, 0, 0.630744, -14.5782, 1.90735e-06, 4.37449 )

[node name="tree2" parent="." instance=ExtResource( 3 )]
transform = Transform( 0.0169463, 0, -0.999856, 0, 1, 0, 0.999856, 0, 0.0169463, 6.30686, 1.90735e-06, 15.2056 )

[node name="tree3" parent="." instance=ExtResource( 3 )]
transform = Transform( 0.0169463, 0, -0.999856, 0, 1, 0, 0.999856, 0, 0.0169463, 15.1108, 0, -0.605585 )

[node name="tree4" parent="." instance=ExtResource( 3 )]
transform = Transform( 0.457071, 0, -1.10954, 0, 1.2, 0, 1.10954, 0, 0.457071, 11.0223, 1.90735e-06, -14.2427 )

[node name="tree5" parent="." instance=ExtResource( 3 )]
transform = Transform( -0.931215, 0, -0.36447, 0, 1, 0, 0.36447, 0, -0.931215, 15.97, 1.90735e-06, -6.73426 )

[node name="tree6" parent="." instance=ExtResource( 3 )]
transform = Transform( 0.0528413, 0, -0.998603, 0, 1, 0, 0.998603, 0, 0.0528413, 2.39511, 1.41196, -12.0622 )

[node name="hill" parent="." instance=ExtResource( 4 )]
transform = Transform( 1.0521, 0, -4.88805, 0, 5, 0, 4.88805, 0, 1.0521, 1.48659, -0.0557365, -12.7013 )

[node name="hill2" parent="." instance=ExtResource( 4 )]
transform = Transform( 6.3017, 0, -3.04772, 0, 7, 0, 3.04772, 0, 6.3017, -8.60886, -0.0557346, 10.4444 )
